2375 -3155
2383 -3144
2381 -3149
2379 -3153
2379 -3154
2377 -3151
2385 -3138
2391 -3138
2376 -3158
2368 -3164
2371 -3160
2374 -3154
2376 -3154
2373 -3157
2386 -3155
2392 -3156
2373 -3158
2366 -3154
2383 -3155
2388 -3156
2381 -3153
2376 -3155
2365 -3166
2363 -3169
2369 -3161
2370 -3166
2389 -3163
2398 -3156
2376 -3164
2370 -3169
2376 -3158
2373 -3154
2385 -3147
2393 -3141
2385 -3150
2384 -3156
2383 -3152
2385 -3141
2373 -3161
2363 -3182
2370 -3176
2370 -3173
2371 -3166
2375 -3163
2393 -3155
2426 -3145
2454 -3162
2506 -3161
2581 -3128
2648 -3115
2714 -3122
2777 -3119
2844 -3118
2917 -3123
2986 -3113
3052 -3107
3124 -3102
3198 -3095
3267 -3100
3340 -3102
3426 -3104
3505 -3107
3555 -3117
3612 -3116
3693 -3082
3762 -3057
3804 -3042
3861 -3023
3926 -3019
3976 -3005
4047 -2984
4119 -2970
4162 -2960
4214 -2949
4288 -2921
4331 -2912
4315 -2934
4276 -2937
4267 -2921
4276 -2913
4269 -2912
4266 -2919
4289 -2918
4293 -2916
4280 -2899
4281 -2884
4283 -2895
4283 -2899
4285 -2924
4287 -2935
4270 -2927
4258 -2937
4277 -2913
4282 -2898
4274 -2903
4280 -2895
4295 -2910
4294 -2923
4275 -2917
4271 -2911
