2358 -3153
2357 -3148
2360 -3155
2362 -3155
2374 -3151
2378 -3150
2364 -3165
2361 -3172
2362 -3155
2361 -3145
2358 -3158
2352 -3165
2361 -3167
2367 -3168
2351 -3162
2340 -3163
2359 -3158
2368 -3148
2366 -3155
2367 -3165
2350 -3169
2341 -3169
2365 -3153
2378 -3146
2354 -3163
2348 -3166
2358 -3156
2358 -3156
2354 -3159
2358 -3156
2356 -3155
2359 -3152
2365 -3159
2369 -3160
2365 -3166
2363 -3170
2358 -3151
2358 -3140
2374 -3153
2377 -3158
2351 -3170
2342 -3176
2369 -3155
2377 -3147
2362 -3147
2382 -3146
2438 -3155
2493 -3145
2552 -3137
2613 -3145
2552 -3137
2740 -3127
2806 -3136
2872 -3138
2930 -3145
2991 -3152
3076 -3133
3157 -3123
3210 -3127
3279 -3116
3358 -3114
3423 -3123
3494 -3099
3564 -3084
3628 -3089
3699 -3086
3758 -3092
3820 -3073
3891 -3047
3946 -3053
4005 -3077
4071 -3086
4139 -3060
4201 -3047
4266 -3053
4329 -3065
4387 -3070
4456 -3062
4520 -3098
4565 -3129
4625 -3111
4616 -3099
4751 -3109
4806 -3128
4881 -3134
4952 -3133
5010 -3137
5075 -3130
5164 -3113
5232 -3119
5273 -3135
5332 -3132
5386 -3113
5389 -3113
5370 -3132
5366 -3128
5369 -3114
5369 -3109
5366 -3123
5369 -3134
