2328 -3135
2332 -3138
2331 -3130
2332 -3124
2325 -3137
2323 -3140
2330 -3127
2331 -3125
2328 -3135
2326 -3140
2329 -3134
2333 -3126
2336 -3130
2336 -3141
2325 -3132
2320 -3123
2325 -3132
2335 -3133
2338 -3140
2336 -3138
2337 -3138
2331 -3135
2324 -3133
2330 -3138
2334 -3140
2336 -3133
2340 -3131
2333 -3143
2326 -3147
2328 -3136
2327 -3132
2325 -3133
2327 -3131
2329 -3129
2330 -3125
2332 -3133
2331 -3137
2325 -3132
2325 -3129
2329 -3132
2336 -3133
2355 -3122
2393 -3121
2448 -3146
2511 -3149
2572 -3148
2638 -3150
2715 -3140
2784 -3144
2849 -3136
2918 -3127
2994 -3142
3072 -3144
3135 -3141
3200 -3148
3270 -3162
3341 -3171
3432 -3148
3514 -3137
3564 -3158
3628 -3165
3718 -3158
3792 -3160
3843 -3171
3907 -3180
3990 -3169
4065 -3164
4129 -3174
4200 -3165
4275 -3154
4344 -3163
4406 -3172
4478 -3168
4559 -3163
4629 -3163
4688 -3147
4756 -3143
4819 -3175
4891 -3175
4980 -3133
5054 -3116
5142 -3122
5226 -3122
5282 -3098
5345 -3087
5422 -3092
5498 -3080
5578 -3089
5661 -3090
5723 -3096
5723 -3096
5789 -3114
5928 -3131
6004 -3138
6071 -3153
6162 -3099
6203 -3066
6171 -3125
6153 -3150
6161 -3120
