2375 -3150
2374 -3160
2374 -3164
2366 -3144
2359 -3139
2360 -3161
2361 -3165
2362 -3143
2359 -3139
2372 -3148
2380 -3147
2371 -3155
2370 -3160
2370 -3140
2371 -3134
2376 -3133
2376 -3130
2360 -3161
2356 -3169
2369 -3144
2366 -3147
2362 -3141
2366 -3130
2373 -3150
2378 -3150
2370 -3141
2367 -3148
2367 -3154
2363 -3157
2361 -3159
2363 -3151
2368 -3147
2365 -3157
2360 -3160
2362 -3153
2369 -3151
2369 -3153
2357 -3161
2351 -3163
2370 -3151
2377 -3154
2375 -3163
2383 -3160
2395 -3155
2432 -3155
2491 -3141
2554 -3125
2620 -3145
2685 -3156
2743 -3154
2802 -3162
2869 -3163
2942 -3154
3031 -3127
3112 -3119
3165 -3146
3232 -3151
3310 -3144
3381 -3154
3457 -3149
3530 -3140
3586 -3137
3586 -3137
3716 -3094
3770 -3050
3822 -3086
3868 -3087
3930 -3021
3983 -2996
3983 -2996
4104 -2934
4157 -2959
4219 -2935
4291 -2895
4355 -2881
4413 -2936
4473 -2957
4530 -2928
4588 -2921
4669 -2909
4730 -2918
4775 -2938
4775 -2938
4775 -2938
4775 -2938
4883 -2929
4915 -2921
4965 -2926
5034 -2927
5098 -2926
5168 -2921
5234 -2938
5234 -2938
5382 -2933
5451 -2953
5525 -2961
5599 -2956
5660 -2971
5718 -2988
5744 -3038
