2358 -3155
2348 -3162
2365 -3146
2371 -3144
2365 -3149
2365 -3146
2371 -3146
2373 -3145
2377 -3135
2378 -3128
2366 -3137
2367 -3143
2368 -3141
2361 -3142
2368 -3147
2375 -3144
2371 -3141
2368 -3144
2377 -3133
2381 -3130
2373 -3151
2370 -3156
2379 -3148
2382 -3143
2367 -3139
2362 -3141
2368 -3141
2367 -3139
2366 -3142
2366 -3140
2366 -3145
2367 -3146
2367 -3142
2366 -3145
2364 -3149
2361 -3149
2363 -3146
2363 -3148
2368 -3161
2399 -3160
2448 -3150
2499 -3148
2555 -3148
2617 -3146
2685 -3141
2757 -3138
2825 -3131
2889 -3126
2953 -3134
3019 -3132
3087 -3116
3158 -3108
3233 -3115
3304 -3114
3366 -3108
3435 -3109
3512 -3087
3583 -3068
3633 -3090
3685 -3087
3747 -3053
3807 -3032
3871 -3023
3928 -3011
3973 -3002
4028 -2985
4105 -2957
4173 -2938
4232 -2927
4286 -2921
4311 -2916
4301 -2916
4285 -2908
4278 -2903
4270 -2917
4277 -2916
4290 -2903
4282 -2910
4271 -2923
4274 -2918
4279 -2912
4279 -2913
4276 -2919
4274 -2928
4265 -2914
4264 -2903
4285 -2909
4289 -2909
4278 -2910
4277 -2908
4264 -2923
4256 -2938
4280 -2923
4294 -2914
4284 -2914
4277 -2916
4259 -2921
4255 -2916
4266 -2917
4268 -2919
