2038 -3125
2035 -3131
2046 -3112
2050 -3110
2040 -3134
2039 -3136
2047 -3111
2050 -3101
2037 -3126
2029 -3142
2041 -3127
2047 -3117
2043 -3132
2044 -3136
2039 -3131
2035 -3129
2041 -3124
2037 -3133
2041 -3124
2036 -3130
2042 -3120
2035 -3115
2032 -3107
2035 -3125
2035 -3138
2041 -3125
2041 -3120
2041 -3135
2043 -3136
2049 -3109
2051 -3107
2040 -3133
2039 -3130
2035 -3116
2027 -3127
2029 -3140
2033 -3138
2037 -3136
2038 -3133
2037 -3131
2035 -3133
2033 -3129
2042 -3130
2060 -3144
2105 -3146
2175 -3147
2231 -3151
2265 -3142
2324 -3133
2401 -3138
2462 -3147
2520 -3142
2582 -3143
2648 -3147
2718 -3145
2784 -3146
2850 -3141
2920 -3137
2989 -3139
3057 -3146
3124 -3151
3200 -3136
3278 -3118
3332 -3134
3394 -3145
3486 -3121
3556 -3121
3617 -3135
3693 -3124
3733 -3106
3778 -3097
3843 -3109
3895 -3110
3953 -3081
4010 -3055
4058 -3034
4112 -3013
4058 -3034
4174 -2972
4231 -2954
4282 -2961
4342 -2938
4419 -2933
4483 -2941
4529 -2926
4589 -2916
4664 -2911
4734 -2906
4799 -2905
4865 -2898
4929 -2889
4995 -2892
5072 -2896
5136 -2907
5184 -2901
5252 -2881
5326 -2906
5392 -2923
5446 -2917
5512 -2919
