1874 -3132
1870 -3129
1864 -3121
1863 -3124
1864 -3117
1866 -3105
1865 -3130
1866 -3145
1872 -3127
1872 -3127
1871 -3137
1870 -3138
1873 -3136
1873 -3136
1873 -3134
1873 -3136
1867 -3132
1865 -3130
1872 -3126
1875 -3132
1868 -3136
1864 -3134
1868 -3129
1867 -3128
1866 -3135
1868 -3133
1866 -3125
1864 -3126
1866 -3131
1867 -3126
1865 -3121
1866 -3123
1871 -3128
1873 -3133
1872 -3132
1869 -3128
1867 -3130
1865 -3139
1869 -3139
1875 -3134
1871 -3124
1864 -3123
1868 -3137
1873 -3139
1872 -3136
1872 -3140
1885 -3147
1930 -3147
2007 -3120
2081 -3109
2141 -3144
2204 -3160
2204 -3160
2337 -3176
2423 -3126
2489 -3128
2558 -3117
2628 -3116
2697 -3145
2773 -3138
2845 -3114
2913 -3119
2985 -3129
3059 -3126
3130 -3118
3196 -3126
3269 -3124
3346 -3122
3418 -3154
3496 -3158
3581 -3134
3653 -3143
3722 -3151
3794 -3152
3861 -3167
3940 -3166
4027 -3164
4090 -3181
4134 -3211
4207 -3208
4302 -3148
4376 -3136
4430 -3197
4496 -3215
4581 -3162
4660 -3143
4729 -3166
4800 -3169
4869 -3176
4941 -3178
5008 -3191
5085 -3196
5172 -3160
5244 -3155
5301 -3167
5375 -3157
5478 -3151
5560 -3156
5621 -3146
5703 -3121
