2361 -3143
2378 -3134
2391 -3117
2382 -3119
2372 -3133
2382 -3135
2395 -3129
2383 -3131
2373 -3138
2372 -3136
2375 -3127
2372 -3136
2362 -3149
2371 -3135
2380 -3120
2380 -3114
2380 -3116
2376 -3134
2374 -3144
2378 -3126
2377 -3120
2375 -3128
2378 -3126
2386 -3127
2387 -3130
2377 -3124
2371 -3130
2373 -3147
2380 -3141
2377 -3138
2369 -3146
2367 -3140
2366 -3134
2375 -3120
2383 -3115
2375 -3129
2372 -3133
2386 -3125
2389 -3125
2377 -3126
2372 -3125
2377 -3132
2397 -3133
2439 -3112
2478 -3104
2493 -3141
2493 -3141
2567 -3136
2630 -3139
2567 -3136
2723 -3135
2788 -3138
2838 -3137
2884 -3145
2933 -3151
2980 -3142
3029 -3137
3079 -3138
3128 -3139
3183 -3144
3183 -3144
3298 -3144
3371 -3127
3411 -3119
3452 -3109
3488 -3097
3520 -3098
3558 -3077
3596 -3049
3631 -3047
3664 -3042
3709 -3048
3752 -3045
3801 -3004
3852 -2982
3887 -2986
3928 -2979
3979 -2975
4027 -2976
4076 -2964
4124 -2953
4104 -2929
4245 -2914
4306 -2908
4364 -2899
4381 -2931
4421 -2939
4508 -2899
4571 -2887
4611 -2895
4664 -2897
4716 -2866
4771 -2846
4832 -2884
4878 -2908
4932 -2902
4994 -2880
5051 -2870
5106 -2880
5153 -2892
