2362 -3155
2365 -3158
2365 -3161
2365 -3156
2371 -3152
2374 -3157
2364 -3158
2360 -3153
2365 -3147
2366 -3148
2367 -3157
2366 -3157
2364 -3148
2361 -3150
2360 -3161
2364 -3160
2367 -3152
2361 -3157
2373 -3162
2385 -3155
2361 -3154
2353 -3159
2361 -3159
2363 -3158
2365 -3161
2363 -3160
2357 -3158
2359 -3162
2368 -3162
2367 -3160
2360 -3158
2362 -3155
2365 -3157
2362 -3159
2369 -3157
2368 -3158
2359 -3162
2362 -3159
2366 -3155
2362 -3157
2362 -3163
2367 -3162
2374 -3157
2374 -3160
2366 -3155
2365 -3149
2362 -3155
2364 -3159
2395 -3154
2437 -3150
2484 -3143
2541 -3131
2597 -3139
2650 -3141
2709 -3136
2775 -3144
2839 -3141
2896 -3134
2958 -3132
3025 -3128
3100 -3111
3167 -3105
3213 -3137
3275 -3143
3343 -3131
3407 -3133
3489 -3122
3557 -3126
3605 -3145
3665 -3140
3730 -3091
3789 -3065
3839 -3122
3900 -3147
3980 -3112
4040 -3103
4097 -3088
4167 -3080
4228 -3098
4287 -3107
4361 -3099
4433 -3084
4472 -3121
4522 -3150
4598 -3106
4662 -3105
4725 -3134
4789 -3138
4843 -3153
4913 -3151
4999 -3158
5071 -3175
5142 -3161
5206 -3158
5205 -3197
5186 -3202
5189 -3170
5186 -3169
5208 -3140
5217 -3123
