2209 -3138
2207 -3128
2209 -3145
2208 -3151
2201 -3137
2202 -3132
2217 -3143
2217 -3155
2200 -3154
2195 -3146
2199 -3141
2200 -3139
2214 -3140
2219 -3141
2206 -3138
2200 -3140
2215 -3132
2223 -3125
2207 -3143
2203 -3148
2202 -3158
2203 -3166
2210 -3150
2208 -3154
2203 -3154
2204 -3144
2219 -3139
2220 -3137
2207 -3140
2207 -3138
2213 -3128
2215 -3126
2218 -3146
2219 -3150
2217 -3150
2218 -3160
2213 -3153
2206 -3154
2198 -3164
2203 -3161
2237 -3150
2288 -3144
2338 -3132
2398 -3130
2461 -3120
2523 -3105
2572 -3112
2630 -3112
2700 -3118
2768 -3127
2819 -3130
2881 -3126
2966 -3102
3034 -3102
3088 -3111
3154 -3110
3222 -3142
3222 -3142
3365 -3137
3443 -3115
3482 -3117
3531 -3114
3612 -3097
3678 -3087
3733 -3060
3793 -3050
3862 -3096
3927 -3105
3991 -3066
4060 -3055
4117 -3069
4169 -3082
4238 -3111
4306 -3120
4357 -3111
4409 -3120
4468 -3127
4529 -3132
4573 -3182
4632 -3215
4718 -3186
4718 -3186
4732 -3156
4716 -3145
4716 -3146
4713 -3145
4698 -3182
4697 -3190
4716 -3155
4719 -3148
4696 -3168
4689 -3175
4708 -3152
4714 -3142
4710 -3173
4717 -3189
4718 -3161
4705 -3141
4702 -3160
4705 -3171
