2342 -3153
2342 -3151
2351 -3139
2354 -3134
2355 -3134
2355 -3134
2349 -3137
2344 -3148
2362 -3135
2367 -3130
2338 -3142
2338 -3144
2352 -3134
2356 -3135
2348 -3141
2339 -3137
2348 -3139
2354 -3145
2345 -3155
2346 -3156
2353 -3141
2347 -3136
2337 -3152
2338 -3162
2351 -3124
2352 -3107
2348 -3142
2350 -3151
2354 -3139
2356 -3135
2350 -3138
2350 -3136
2366 -3130
2368 -3135
2358 -3142
2357 -3144
2346 -3138
2341 -3134
2350 -3138
2351 -3136
2360 -3137
2390 -3140
2427 -3144
2473 -3149
2536 -3144
2600 -3132
2669 -3122
2735 -3127
2784 -3138
2846 -3131
2927 -3107
2992 -3108
3045 -3116
3106 -3111
3183 -3128
3251 -3135
3326 -3128
3403 -3125
3473 -3117
3530 -3127
3587 -3129
3587 -3129
3703 -3154
3779 -3129
3838 -3100
3889 -3074
3937 -3062
3984 -3052
4039 -3027
4090 -3011
4122 -3004
4163 -2982
4232 -2967
4297 -2955
4363 -2929
4426 -2912
4491 -2877
4559 -2851
4615 -2874
4675 -2875
4744 -2859
4817 -2850
4891 -2841
4952 -2855
4891 -2841
5007 -2846
5068 -2818
5130 -2851
5187 -2893
5238 -2904
5300 -2903
5358 -2897
5410 -2903
5475 -2919
5537 -2926
5605 -2906
5675 -2911
5729 -2953
5776 -2969
5779 -2963
