2338 -3139
2338 -3132
2345 -3128
2345 -3124
2344 -3127
2344 -3130
2341 -3130
2338 -3134
2342 -3132
2339 -3138
2334 -3140
2345 -3120
2350 -3118
2339 -3137
2334 -3142
2355 -3133
2361 -3134
2340 -3133
2334 -3132
2341 -3136
2345 -3129
2357 -3126
2361 -3129
2344 -3126
2335 -3128
2341 -3134
2344 -3128
2353 -3124
2359 -3130
2355 -3131
2353 -3132
2344 -3135
2339 -3135
2346 -3144
2351 -3146
2357 -3126
2358 -3124
2342 -3138
2336 -3137
2339 -3128
2347 -3124
2371 -3121
2411 -3125
2456 -3145
2513 -3144
2585 -3135
2647 -3141
2714 -3123
2714 -3123
2783 -3110
2917 -3092
2977 -3126
3045 -3131
3113 -3135
3182 -3136
3255 -3147
3327 -3151
3389 -3141
3458 -3142
3524 -3166
3586 -3184
3660 -3136
3734 -3097
3791 -3105
3838 -3097
3888 -3078
3933 -3065
3969 -3054
4017 -3031
4074 -3032
4127 -3026
4179 -2993
4232 -2977
4295 -2954
4360 -2925
4422 -2907
4476 -2908
4536 -2907
4608 -2884
4674 -2864
4734 -2858
4794 -2875
4851 -2899
4919 -2875
4987 -2854
5050 -2837
5112 -2815
5180 -2849
5237 -2892
5275 -2898
5333 -2886
5402 -2865
5465 -2863
5530 -2898
5600 -2911
5648 -2944
5648 -2944
5706 -2978
5808 -3036
5869 -2955
