2126 -3135
2128 -3135
2131 -3139
2131 -3139
2129 -3139
2127 -3142
2134 -3130
2138 -3118
2126 -3149
2121 -3171
2130 -3138
2132 -3123
2132 -3140
2133 -3139
2131 -3120
2127 -3120
2119 -3137
2119 -3148
2131 -3144
2133 -3134
2128 -3146
2124 -3159
2125 -3147
2129 -3143
2132 -3133
2125 -3130
2122 -3147
2133 -3143
2135 -3138
2131 -3142
2129 -3128
2128 -3117
2145 -3133
2152 -3140
2131 -3128
2123 -3125
2126 -3131
2128 -3131
2138 -3123
2135 -3119
2144 -3136
2178 -3149
2226 -3143
2285 -3145
2327 -3140
2379 -3136
2462 -3139
2534 -3143
2593 -3153
2665 -3148
2741 -3139
2812 -3142
2874 -3156
2938 -3168
3020 -3151
3020 -3151
3174 -3151
3247 -3152
3314 -3153
3386 -3152
3465 -3148
3543 -3144
3617 -3136
3617 -3136
3769 -3112
3831 -3116
3888 -3157
3953 -3168
4043 -3112
4122 -3091
4170 -3143
4231 -3160
4328 -3127
4403 -3123
4456 -3139
4522 -3138
4598 -3133
4677 -3135
4739 -3137
4802 -3142
4896 -3125
4976 -3122
5046 -3155
5126 -3148
5194 -3142
5270 -3157
5357 -3144
5430 -3136
5480 -3141
5547 -3146
5651 -3158
5741 -3150
5809 -3130
5882 -3132
5809 -3130
6023 -3120
6065 -3161
6065 -3161
6221 -3111
6314 -3084
