2365 -3174
2366 -3172
2369 -3150
2366 -3145
2360 -3151
2360 -3145
2374 -3161
2379 -3172
2371 -3159
2371 -3159
2365 -3154
2365 -3139
2377 -3157
2375 -3177
2372 -3175
2375 -3169
2364 -3148
2359 -3140
2369 -3162
2372 -3167
2370 -3152
2370 -3150
2367 -3151
2365 -3144
2366 -3160
2366 -3172
2368 -3160
2370 -3160
2368 -3165
2371 -3160
2384 -3155
2386 -3159
2378 -3167
2380 -3166
2361 -3153
2354 -3152
2384 -3167
2388 -3171
2375 -3150
2376 -3146
2362 -3171
2356 -3175
2367 -3165
2379 -3160
2412 -3155
2455 -3157
2504 -3147
2564 -3137
2645 -3151
2645 -3151
2645 -3151
2870 -3157
2645 -3151
2930 -3131
2995 -3141
3052 -3149
3122 -3134
3203 -3123
3278 -3124
3351 -3129
3428 -3129
3499 -3109
3565 -3104
3624 -3126
3688 -3120
3766 -3075
3830 -3046
3871 -3044
3921 -3041
3988 -3017
4050 -2987
4101 -2983
4158 -2971
4218 -2935
4277 -2914
4351 -2909
4383 -2902
4351 -2908
4329 -2917
4326 -2912
4324 -2911
4319 -2925
4320 -2926
4336 -2914
4336 -2914
4337 -2904
4337 -2904
4347 -2905
4340 -2914
4329 -2909
4329 -2909
4329 -2909
4327 -2917
4342 -2913
4348 -2909
4310 -2935
4302 -2940
4345 -2899
4355 -2897
4342 -2915
