2325 -3139
2330 -3132
2333 -3136
2330 -3141
2328 -3145
2332 -3142
2330 -3138
2330 -3146
2339 -3146
2340 -3145
2339 -3149
2339 -3148
2332 -3154
2331 -3157
2337 -3148
2338 -3144
2325 -3150
2321 -3146
2333 -3137
2335 -3136
2332 -3142
2329 -3148
2316 -3162
2314 -3158
2331 -3133
2330 -3134
2317 -3146
2319 -3142
2336 -3143
2340 -3142
2335 -3140
2335 -3148
2317 -3158
2313 -3153
2327 -3140
2329 -3145
2325 -3147
2324 -3138
2326 -3141
2326 -3151
2326 -3154
2326 -3150
2322 -3128
2319 -3123
2334 -3150
2363 -3154
2401 -3141
2451 -3141
2507 -3153
2563 -3155
2622 -3139
2622 -3139
2761 -3134
2820 -3131
2883 -3131
2950 -3129
3021 -3119
3092 -3114
3144 -3134
3144 -3134
3289 -3122
3359 -3117
3423 -3112
3489 -3090
3539 -3062
3590 -3042
3636 -3061
3685 -3075
3760 -3039
3829 -3030
3905 -3021
3972 -3002
4030 -3013
4086 -3030
4133 -3039
4193 -3031
4256 -3035
4306 -3050
4355 -3053
4409 -3067
4457 -3106
4508 -3130
4567 -3149
4631 -3166
4695 -3167
4762 -3172
4828 -3160
4884 -3169
4920 -3154
4931 -3140
4917 -3188
4895 -3182
4887 -3169
4886 -3194
4886 -3191
4893 -3178
4898 -3173
4904 -3174
4900 -3169
4899 -3168
