2375 -3134
2372 -3140
2367 -3126
2376 -3109
2379 -3121
2372 -3126
2363 -3127
2362 -3126
2378 -3111
2382 -3107
2367 -3139
2367 -3139
2366 -3123
2370 -3111
2371 -3120
2370 -3119
2373 -3109
2376 -3106
2370 -3126
2367 -3130
2376 -3112
2379 -3112
2376 -3123
2376 -3124
2372 -3130
2371 -3131
2375 -3109
2374 -3104
2383 -3129
2389 -3136
2376 -3130
2372 -3128
2378 -3123
2382 -3122
2374 -3114
2366 -3110
2371 -3131
2377 -3133
2377 -3125
2373 -3132
2371 -3131
2376 -3123
2380 -3119
2381 -3119
2375 -3114
2372 -3107
2367 -3114
2364 -3115
2373 -3116
2373 -3129
2371 -3140
2377 -3135
2382 -3116
2382 -3109
2368 -3126
2363 -3140
2394 -3129
2394 -3129
2426 -3123
2394 -3129
2449 -3132
2503 -3130
2573 -3119
2633 -3120
2699 -3124
2767 -3113
2817 -3115
2880 -3121
2960 -3100
3029 -3091
3090 -3100
3154 -3094
3226 -3111
3300 -3132
3360 -3122
3428 -3106
3514 -3109
3585 -3125
3643 -3117
3711 -3096
3765 -3092
3813 -3088
3859 -3065
3915 -3030
3979 -3015
4027 -3015
4067 -3013
4120 -2985
4187 -2944
4247 -2931
4313 -2916
4372 -2903
4420 -2886
4487 -2859
4575 -2859
4640 -2866
4703 -2850
4777 -2835
4835 -2829
4895 -2818
