2404 -3128
2404 -3128
2395 -3121
2393 -3125
2389 -3131
2391 -3127
2397 -3125
2392 -3128
2389 -3115
2391 -3106
2312 -3129
2399 -3139
2400 -3124
2398 -3121
2393 -3130
2392 -3135
2312 -3125
2393 -3120
2388 -3127
2388 -3129
2390 -3126
2394 -3122
2405 -3129
2408 -3135
2394 -3135
2389 -3132
2393 -3127
2391 -3127
2391 -3130
2394 -3128
2397 -3124
2400 -3121
2395 -3128
2389 -3132
2390 -3127
2395 -3126
2397 -3132
2397 -3135
2393 -3126
2393 -3118
2397 -3131
2395 -3136
2391 -3131
2390 -3136
2389 -3134
2390 -3125
2312 -3119
2397 -3115
2387 -3137
2380 -3147
2383 -3141
2385 -3144
2312 -3123
2397 -3112
2391 -3124
2398 -3131
2417 -3136
2456 -3127
2502 -3130
2555 -3142
2636 -3134
2636 -3134
2743 -3128
2816 -3108
2885 -3126
2951 -3140
2885 -3126
3010 -3129
3079 -3124
3171 -3131
3250 -3126
3304 -3137
3370 -3159
3449 -3124
3523 -3097
3594 -3130
3666 -3146
3740 -3141
3811 -3142
3872 -3142
3931 -3149
3995 -3145
4069 -3130
4155 -3112
4225 -3119
4297 -3148
4374 -3143
4439 -3129
4506 -3136
4564 -3152
4630 -3157
4721 -3143
4801 -3137
4864 -3133
4939 -3129
5004 -3147
5068 -3156
5156 -3138
5238 -3127
5313 -3123
