2371 -3148
2369 -3158
2372 -3160
2367 -3161
2363 -3160
2355 -3163
2345 -3181
2363 -3168
2375 -3143
2368 -3149
2366 -3157
2369 -3151
2372 -3148
2376 -3156
2373 -3166
2362 -3172
2362 -3163
2358 -3155
2355 -3161
2361 -3172
2359 -3169
2355 -3158
2356 -3154
2374 -3149
2380 -3153
2368 -3161
2362 -3159
2364 -3163
2369 -3161
2369 -3146
2369 -3147
2368 -3160
2362 -3160
2361 -3169
2367 -3176
2362 -3161
2359 -3156
2362 -3160
2365 -3156
2366 -3155
2362 -3160
2359 -3169
2359 -3169
2374 -3160
2410 -3153
2446 -3143
2492 -3134
2534 -3117
2581 -3099
2637 -3104
2688 -3095
2733 -3071
2781 -3059
2848 -3024
2824 -2990
2951 -2993
2951 -2993
3066 -2948
3134 -2931
3202 -2920
3278 -2902
3344 -2867
3407 -2852
3471 -2869
3532 -2879
3609 -2868
3678 -2857
3724 -2878
3771 -2902
3844 -2887
3912 -2886
3950 -2909
4000 -2916
4060 -2906
4078 -2903
4051 -2938
4039 -2949
4052 -2909
4059 -2896
4055 -2921
4053 -2926
4054 -2910
4051 -2910
4033 -2924
4031 -2921
4059 -2920
4061 -2929
4047 -2934
4047 -2932
4044 -2915
4040 -2913
4047 -2935
4050 -2941
4042 -2930
4037 -2928
4044 -2920
4050 -2915
4035 -2926
4028 -2923
4053 -2909
