2298 -3153
2309 -3131
2318 -3107
2310 -3137
2302 -3158
2299 -3154
2299 -3153
2299 -3153
2299 -3153
2299 -3153
2299 -3153
2299 -3153
2299 -3153
2299 -3153
2299 -3153
2299 -3153
2299 -3153
2299 -3140
2301 -3145
2310 -3136
2312 -3130
2297 -3128
2298 -3126
2307 -3131
2304 -3136
2307 -3137
2313 -3132
2306 -3128
2301 -3129
2309 -3124
2314 -3119
2304 -3149
2297 -3163
2307 -3128
2315 -3110
2311 -3127
2309 -3133
2303 -3140
2290 -3157
2295 -3148
2307 -3133
2304 -3130
2299 -3131
2309 -3126
2316 -3119
2309 -3137
2304 -3148
2305 -3134
2307 -3128
2307 -3145
2305 -3151
2303 -3145
2302 -3148
2307 -3121
2306 -3108
2303 -3141
2304 -3154
2308 -3132
2307 -3121
2300 -3141
2297 -3148
2300 -3129
2304 -3123
2312 -3124
2323 -3119
2361 -3126
2407 -3135
2438 -3136
2489 -3132
2550 -3133
2606 -3143
2677 -3138
2749 -3130
2810 -3121
2810 -3121
2870 -3122
2810 -3121
2932 -3146
3005 -3147
3065 -3124
3119 -3124
3190 -3133
3265 -3124
3330 -3150
3397 -3169
3482 -3124
3550 -3111
3606 -3146
3675 -3154
3736 -3139
3794 -3125
3852 -3104
3907 -3081
3946 -3046
3988 -3021
4026 -3047
4060 -3057
4107 -3013
4165 -2970
4231 -2959
