2337 -3126
2333 -3122
2327 -3124
2329 -3126
2325 -3145
2320 -3153
2325 -3145
2309 -3126
2325 -3145
2331 -3132
2338 -3134
2326 -3136
2327 -3131
2327 -3115
2331 -3108
2327 -3130
2319 -3139
2321 -3133
2318 -3134
2318 -3132
2322 -3129
2322 -3126
2322 -3126
2331 -3128
2332 -3134
2316 -3132
2312 -3128
2309 -3133
2310 -3129
2337 -3125
2338 -3132
2328 -3117
2333 -3106
2323 -3115
2315 -3118
2315 -3146
2315 -3155
2328 -3113
2335 -3096
2322 -3109
2317 -3115
2326 -3124
2332 -3129
2319 -3126
2310 -3128
2326 -3135
2341 -3131
2360 -3131
2400 -3144
2455 -3135
2514 -3127
2563 -3145
2626 -3153
2702 -3149
2765 -3154
2846 -3122
2921 -3109
2973 -3144
3047 -3147
3112 -3143
3173 -3151
3260 -3143
3337 -3144
3396 -3169
3469 -3174
3554 -3125
3624 -3112
3698 -3154
3775 -3161
3833 -3154
3900 -3158
3975 -3158
4043 -3164
4118 -3152
4192 -3139
4265 -3143
4338 -3141
4405 -3145
4475 -3153
4545 -3169
4613 -3172
4684 -3167
4761 -3170
4824 -3179
4883 -3189
4972 -3173
5054 -3161
5119 -3152
5196 -3138
5268 -3142
5338 -3135
5402 -3134
5487 -3135
5582 -3106
5629 -3087
5676 -3110
5754 -3107
5847 -3074
5922 -3076
5988 -3086
