2304 -3141
2305 -3142
2304 -3146
2307 -3142
2317 -3143
2319 -3145
2310 -3138
2308 -3139
2310 -3155
2313 -3153
2308 -3131
2299 -3128
2308 -3146
2317 -3150
2302 -3158
2293 -3164
2304 -3140
2306 -3131
2309 -3142
2308 -3143
2312 -3146
2317 -3152
2313 -3159
2316 -3155
2316 -3148
2313 -3150
2307 -3147
2299 -3144
2295 -3152
2294 -3156
2319 -3141
2332 -3128
2304 -3127
2296 -3126
2314 -3136
2318 -3142
2311 -3137
2308 -3140
2316 -3150
2319 -3156
2299 -3151
2292 -3148
2316 -3145
2326 -3143
2314 -3148
2336 -3144
2384 -3142
2433 -3146
2484 -3142
2543 -3135
2616 -3112
2681 -3097
2737 -3102
2802 -3101
2879 -3107
2945 -3108
3007 -3092
3075 -3085
3126 -3113
3182 -3131
3273 -3088
3348 -3060
3389 -3086
3454 -3076
3535 -3027
3590 -3008
3615 -3024
3659 -3022
3736 -3024
3798 -3038
3873 -2985
3940 -2969
3986 -3008
4034 -3022
4074 -3026
4095 -3029
4074 -3026
4106 -3046
4142 -3059
4206 -3038
4266 -3044
4294 -3094
4342 -3112
4425 -3087
4489 -3085
4540 -3127
4601 -3157
4670 -3132
4736 -3120
4778 -3143
4779 -3144
4761 -3110
4755 -3102
4760 -3123
4762 -3121
4756 -3132
4750 -3146
4749 -3117
4749 -3117
4746 -3134
