2387 -3133
2373 -3131
2372 -3129
2377 -3127
2373 -3134
2366 -3134
2367 -3126
2368 -3142
2368 -3150
2375 -3118
2375 -3110
2374 -3119
2376 -3120
2374 -3128
2372 -3131
2370 -3136
2372 -3141
2371 -3142
2367 -3140
2366 -3128
2368 -3124
2377 -3132
2378 -3143
2372 -3122
2372 -3106
2371 -3136
2369 -3153
2376 -3122
2380 -3108
2370 -3127
2364 -3135
2379 -3132
2386 -3132
2372 -3140
2369 -3143
2378 -3129
2384 -3120
2375 -3136
2368 -3145
2373 -3136
2372 -3135
2384 -3127
2395 -3116
2382 -3121
2373 -3131
2373 -3119
2375 -3109
2383 -3136
2406 -3148
2452 -3140
2509 -3136
2563 -3136
2623 -3142
2688 -3137
2749 -3134
2823 -3141
2891 -3138
2930 -3152
2987 -3166
3065 -3146
3132 -3141
3191 -3161
3257 -3164
3331 -3135
3402 -3124
3474 -3135
3540 -3132
3594 -3095
3645 -3066
3691 -3063
3743 -3052
3809 -3057
3864 -3057
3903 -3046
3952 -3042
4021 -3025
4088 -3013
4156 -3019
4210 -3032
4267 -3059
4322 -3078
4357 -3060
4399 -3053
4456 -3080
4514 -3090
4565 -3088
4615 -3105
4663 -3130
4721 -3141
4794 -3154
4862 -3165
4910 -3174
4969 -3186
5048 -3181
5116 -3186
5180 -3184
5251 -3171
5292 -3175
5287 -3180
5251 -3191
