2296 -3133
2287 -3137
2297 -3126
2300 -3127
2294 -3129
2298 -3124
2301 -3127
2298 -3128
2304 -3130
2304 -3130
2304 -3130
2304 -3130
2306 -3119
2311 -3124
2299 -3129
2295 -3130
2309 -3131
2311 -3128
2298 -3116
2296 -3111
2309 -3120
2314 -3130
2311 -3126
2311 -3116
2307 -3127
2306 -3137
2306 -3126
2303 -3119
2290 -3131
2281 -3146
2305 -3139
2316 -3133
2308 -3136
2313 -3126
2304 -3122
2294 -3131
2296 -3130
2296 -3123
2299 -3128
2305 -3136
2299 -3130
2300 -3131
2331 -3131
2381 -3121
2439 -3121
2498 -3132
2557 -3155
2620 -3166
2700 -3153
2778 -3142
2836 -3150
2905 -3161
2987 -3149
3057 -3148
3123 -3178
3201 -3180
3262 -3165
3327 -3162
3412 -3155
3485 -3157
3564 -3169
3640 -3167
3704 -3162
3766 -3171
3834 -3174
3911 -3165
3980 -3173
4043 -3188
4132 -3169
4210 -3157
4263 -3157
4336 -3145
4412 -3149
4482 -3149
4552 -3140
4622 -3142
4705 -3131
4783 -3127
4851 -3136
4921 -3140
4996 -3128
5079 -3105
5156 -3118
5228 -3119
5305 -3101
5382 -3111
5452 -3126
5522 -3120
5601 -3111
5686 -3110
5768 -3111
5768 -3111
5905 -3118
5896 -3115
6066 -3089
6149 -3067
6203 -3097
6203 -3097
6286 -3102
6286 -3102
