2014 -3157
2016 -3151
2014 -3157
2018 -3138
2016 -3137
2011 -3149
2013 -3147
2013 -3147
2013 -3147
2013 -3147
2013 -3147
2028 -3133
2024 -3143
2007 -3158
2003 -3163
2016 -3156
2017 -3155
2012 -3154
2009 -3146
2017 -3146
2022 -3153
2012 -3153
2010 -3152
2012 -3152
2005 -3152
2020 -3138
2027 -3130
2019 -3138
2021 -3142
2013 -3157
2008 -3160
2023 -3137
2029 -3129
2018 -3139
2012 -3141
2026 -3134
2028 -3137
2019 -3139
2026 -3131
2009 -3147
1998 -3165
2012 -3156
2016 -3152
2040 -3146
2088 -3136
2136 -3147
2189 -3161
2259 -3147
2331 -3127
2393 -3127
2453 -3134
2513 -3139
2577 -3141
2656 -3132
2736 -3131
2805 -3120
2871 -3106
2919 -3140
2977 -3168
3063 -3146
3144 -3129
3211 -3146
3277 -3163
3354 -3158
3433 -3157
3498 -3174
3568 -3176
3642 -3170
3642 -3170
3786 -3170
3846 -3176
3899 -3150
3953 -3123
4014 -3108
4067 -3092
4108 -3098
4153 -3086
4202 -3070
4257 -3048
4309 -3022
4356 -3016
4426 -2982
4487 -2950
4528 -2953
4582 -2946
4661 -2908
4735 -2879
4790 -2883
4853 -2885
4945 -2848
5017 -2827
5072 -2836
5139 -2839
5204 -2850
5260 -2870
5309 -2865
5361 -2854
5425 -2849
5491 -2839
5527 -2889
