2377 -3153
2384 -3156
2387 -3155
2371 -3153
2368 -3153
2388 -3155
2392 -3149
2372 -3146
2367 -3154
2386 -3156
2390 -3154
2372 -3151
2364 -3148
2382 -3148
2391 -3151
2369 -3155
2360 -3161
2384 -3158
2394 -3150
2382 -3135
2378 -3128
2371 -3137
2366 -3142
2387 -3134
2395 -3128
2373 -3151
2368 -3160
2387 -3132
2393 -3123
2372 -3138
2366 -3144
2373 -3150
2372 -3152
2386 -3135
2391 -3129
2373 -3147
2368 -3156
2371 -3153
2371 -3150
2374 -3140
2376 -3136
2386 -3136
2391 -3137
2373 -3145
2370 -3155
2399 -3162
2446 -3154
2504 -3141
2559 -3160
2626 -3169
2705 -3147
2626 -3169
2852 -3142
2916 -3146
2982 -3151
3054 -3159
3127 -3159
3196 -3148
3274 -3146
3361 -3119
3441 -3103
3506 -3126
3573 -3126
3638 -3107
3699 -3099
3762 -3068
3829 -3038
3892 -3034
3946 -3020
3999 -3017
4057 -3012
4117 -3000
4185 -2984
4259 -2949
4259 -2949
4398 -2926
4452 -2934
4476 -2917
4455 -2916
4436 -2934
4436 -2935
4439 -2923
4441 -2925
4454 -2912
4458 -2902
4445 -2921
4439 -2926
4441 -2921
4360 -2921
4448 -2906
4446 -2895
4442 -2893
4439 -2896
4433 -2932
4432 -2940
4442 -2907
4450 -2904
4452 -2918
4450 -2915
4450 -2906
