2330 -3130
2330 -3128
2330 -3128
2330 -3128
2330 -3128
2329 -3127
2329 -3127
2335 -3137
2336 -3138
2348 -3134
2347 -3137
2322 -3155
2322 -3155
2322 -3155
2322 -3155
2322 -3155
2322 -3155
2322 -3155
2362 -3099
2322 -3155
2327 -3135
2328 -3132
2339 -3132
2338 -3134
2341 -3124
2338 -3115
2331 -3129
2322 -3140
2332 -3144
2337 -3143
2347 -3136
2352 -3135
2346 -3133
2346 -3130
2333 -3143
2324 -3152
2334 -3123
2344 -3107
2374 -3124
2422 -3127
2470 -3120
2524 -3119
2582 -3132
2648 -3134
2730 -3138
2800 -3141
2873 -3130
2946 -3133
3003 -3127
3070 -3130
3147 -3161
3226 -3158
3299 -3146
3362 -3156
3444 -3157
3521 -3155
3601 -3139
3673 -3143
3734 -3170
3801 -3175
3868 -3175
3868 -3175
3942 -3164
3868 -3175
4023 -3156
4086 -3170
4159 -3169
4237 -3163
4285 -3172
4349 -3166
4438 -3135
4507 -3129
4569 -3143
4641 -3146
4707 -3168
4773 -3169
4855 -3142
4934 -3143
5005 -3148
5073 -3148
5144 -3145
5223 -3125
5317 -3100
5402 -3091
5455 -3114
5524 -3120
5618 -3080
5700 -3062
5765 -3061
5840 -3056
5924 -3068
5994 -3079
6065 -3083
6145 -3080
6202 -3106
6263 -3125
6358 -3089
6405 -3079
6365 -3120
6337 -3132
