2356 -3161
2352 -3167
2356 -3166
2355 -3165
2356 -3153
2361 -3150
2367 -3143
2367 -3140
2359 -3160
2356 -3161
2362 -3145
2370 -3145
2372 -3144
2366 -3142
2363 -3145
2365 -3148
2365 -3152
2364 -3143
2360 -3145
2355 -3159
2363 -3138
2368 -3124
2364 -3148
2361 -3150
2353 -3151
2351 -3161
2362 -3142
2365 -3131
2359 -3150
2358 -3160
2361 -3152
2359 -3147
2358 -3148
2361 -3153
2364 -3148
2363 -3139
2361 -3143
2362 -3155
2364 -3155
2365 -3145
2373 -3145
2401 -3153
2446 -3152
2502 -3144
2557 -3157
2619 -3168
2687 -3173
2687 -3173
2831 -3152
2903 -3136
2970 -3126
3045 -3115
3117 -3153
3184 -3171
3244 -3143
3313 -3139
3398 -3148
3475 -3147
3539 -3107
3600 -3075
3644 -3091
3694 -3083
3758 -3064
3811 -3053
3867 -3014
3930 -2985
3994 -2992
4053 -2977
4104 -2937
4159 -2914
4218 -2929
4244 -2934
4226 -2930
4205 -2940
4193 -2932
4190 -2931
4205 -2923
4210 -2912
4195 -2938
4190 -2943
4197 -2938
4195 -2949
4194 -2940
4200 -2934
4211 -2934
4213 -2928
4208 -2929
4203 -2941
4206 -2938
4214 -2928
4208 -2938
4214 -2946
4223 -2928
4215 -2910
4207 -2916
4207 -2923
4213 -2924
4213 -2924
4214 -2926
4213 -2924
