2351 -3148
2352 -3141
2353 -3148
2344 -3138
2338 -3129
2349 -3114
2354 -3108
2359 -3135
2363 -3143
2338 -3145
2334 -3148
2348 -3132
2352 -3128
2349 -3147
2350 -3149
2352 -3123
2352 -3119
2346 -3132
2337 -3141
2335 -3136
2344 -3119
2344 -3137
2337 -3153
2338 -3127
2341 -3123
2338 -3151
2340 -3159
2359 -3136
2369 -3127
2355 -3123
2352 -3121
2351 -3145
2350 -3151
2350 -3121
2346 -3114
2345 -3150
2338 -3158
2345 -3142
2351 -3141
2347 -3124
2344 -3115
2349 -3139
2375 -3143
2426 -3135
2477 -3140
2529 -3137
2591 -3129
2656 -3124
2719 -3125
2801 -3129
2880 -3124
2935 -3124
2994 -3131
3064 -3107
3136 -3099
3211 -3132
3284 -3142
3344 -3127
3417 -3107
3498 -3106
3561 -3130
3638 -3123
3638 -3123
3778 -3165
3855 -3161
3926 -3129
3997 -3125
4058 -3143
4120 -3154
4191 -3170
4271 -3164
4354 -3145
4420 -3147
4458 -3184
4521 -3198
4615 -3144
4693 -3122
4766 -3136
4838 -3139
4906 -3158
4976 -3159
5044 -3139
5113 -3129
5175 -3139
5249 -3134
5338 -3103
5411 -3099
5469 -3117
5540 -3114
5620 -3070
5692 -3048
5777 -3063
5860 -3066
5937 -3058
6009 -3056
6078 -3080
6148 -3097
6201 -3112
6261 -3117
6324 -3082
