2385 -3162
2384 -3163
2312 -3168
2397 -3171
2375 -3168
2365 -3172
2375 -3169
2383 -3161
2381 -3171
2379 -3176
2395 -3166
2399 -3165
2381 -3172
2376 -3169
2389 -3165
2397 -3163
2395 -3161
2395 -3163
2383 -3161
2377 -3166
2384 -3170
2385 -3165
2380 -3160
2376 -3160
2382 -3173
2388 -3179
2383 -3165
2379 -3157
2380 -3156
2379 -3156
2383 -3168
2382 -3172
2384 -3169
2390 -3166
2388 -3162
2387 -3161
2383 -3149
2379 -3149
2380 -3152
2381 -3150
2383 -3163
2381 -3168
2392 -3173
2399 -3178
2386 -3170
2401 -3164
2446 -3164
2490 -3172
2540 -3162
2598 -3149
2654 -3146
2711 -3140
2780 -3140
2845 -3144
2893 -3147
2948 -3143
3017 -3128
3088 -3117
3145 -3124
3205 -3130
3270 -3144
3330 -3154
3403 -3132
3479 -3115
3541 -3077
3603 -3058
3644 -3083
3685 -3076
3754 -3066
3822 -3062
3867 -3051
3905 -3039
3970 -3005
4038 -2975
4077 -2991
4123 -3008
4199 -2983
4266 -2954
4332 -2914
4396 -2891
4452 -2887
4512 -2879
4568 -2911
4628 -2925
4702 -2897
4764 -2891
4805 -2918
4852 -2943
4915 -2923
4986 -2894
5055 -2912
5119 -2929
5160 -2957
5211 -2977
5160 -2957
5353 -2968
5160 -2957
5408 -2971
5481 -2943
5554 -2952
