2360 -3161
2360 -3156
2365 -3157
2364 -3158
2362 -3158
2363 -3163
2364 -3166
2367 -3163
2367 -3162
2365 -3164
2366 -3160
2365 -3157
2364 -3160
2365 -3161
2363 -3159
2362 -3157
2364 -3162
2364 -3166
2355 -3173
2352 -3173
2360 -3171
2358 -3174
2367 -3164
2374 -3155
2363 -3156
2358 -3163
2355 -3161
2355 -3152
2367 -3163
2371 -3169
2356 -3174
2346 -3181
2357 -3164
2368 -3158
2370 -3161
2368 -3155
2363 -3155
2362 -3158
2363 -3158
2363 -3158
2367 -3166
2371 -3163
2365 -3156
2361 -3160
2371 -3163
2398 -3162
2432 -3164
2481 -3162
2549 -3160
2615 -3160
2681 -3146
2752 -3134
2816 -3139
2882 -3143
2966 -3137
3038 -3127
3097 -3094
3168 -3075
3248 -3093
3324 -3092
3385 -3080
3447 -3086
3524 -3092
3602 -3073
3661 -3034
3719 -3024
3784 -3038
3851 -3028
3916 -3009
3972 -2995
4032 -2976
4101 -2957
4163 -2957
4219 -2951
4248 -2940
4233 -2944
4213 -2929
4214 -2915
4217 -2920
4211 -2925
4213 -2928
4219 -2920
4214 -2925
4211 -2937
4215 -2942
4215 -2938
4210 -2935
4205 -2944
4210 -2949
4213 -2941
4210 -2923
4211 -2921
4215 -2938
4216 -2945
4211 -2944
4209 -2944
4213 -2947
4216 -2945
4216 -2927
4213 -2921
