2354 -3136
2356 -3154
2351 -3173
2347 -3169
2349 -3163
2356 -3148
2361 -3141
2353 -3151
2347 -3153
2351 -3146
2351 -3146
2360 -3158
2366 -3165
2351 -3151
2347 -3143
2351 -3149
2351 -3152
2352 -3160
2347 -3165
2360 -3157
2369 -3157
2361 -3159
2361 -3157
2357 -3155
2352 -3156
2350 -3157
2349 -3160
2355 -3150
2355 -3146
2353 -3157
2354 -3155
2354 -3150
2355 -3157
2361 -3154
2361 -3150
2356 -3148
2356 -3144
2351 -3160
2349 -3166
2351 -3153
2350 -3155
2355 -3155
2357 -3150
2357 -3150
2358 -3148
2358 -3148
2358 -3159
2376 -3157
2424 -3139
2481 -3147
2542 -3153
2603 -3147
2603 -3147
2734 -3106
2800 -3101
2866 -3114
2935 -3105
2983 -3116
3043 -3126
3121 -3091
3185 -3077
3251 -3111
3325 -3119
3388 -3111
3449 -3119
3543 -3097
3626 -3079
3665 -3070
3718 -3050
3790 -3041
3849 -3039
3904 -3041
3971 -3036
4041 -3049
4100 -3060
4166 -3078
4231 -3094
4278 -3086
4328 -3096
4396 -3087
4396 -3087
4499 -3133
4555 -3156
4633 -3125
4704 -3118
4771 -3152
4847 -3163
4907 -3155
4973 -3157
5034 -3157
5034 -3157
5188 -3151
5260 -3147
5281 -3161
5267 -3165
5270 -3130
5280 -3105
5256 -3124
5245 -3138
5270 -3142
