2118 -3130
2113 -3142
2114 -3144
2112 -3147
2110 -3150
2113 -3145
2113 -3143
2113 -3150
2113 -3150
2113 -3150
2113 -3150
2113 -3150
2111 -3166
2119 -3139
2120 -3137
2119 -3140
2120 -3137
2120 -3134
2118 -3135
2120 -3146
2118 -3151
2109 -3149
2106 -3153
2116 -3141
2119 -3134
2110 -3154
2106 -3161
2110 -3153
2110 -3148
2110 -3145
2112 -3148
2111 -3148
2111 -3146
2117 -3138
2120 -3133
2119 -3131
2119 -3130
2106 -3155
2106 -3159
2146 -3148
2197 -3159
2146 -3148
2325 -3112
2391 -3125
2452 -3133
2519 -3133
2586 -3134
2638 -3144
2701 -3150
2788 -3118
2863 -3102
2924 -3136
2990 -3159
3064 -3150
3142 -3138
3211 -3124
3277 -3130
3355 -3165
3432 -3170
3502 -3159
3574 -3170
3642 -3177
3711 -3179
3785 -3181
3866 -3177
3928 -3197
3984 -3218
4070 -3194
4153 -3174
4217 -3182
4284 -3192
4345 -3206
4410 -3204
4494 -3176
4571 -3168
4625 -3198
4684 -3204
4767 -3169
4849 -3162
4921 -3173
4991 -3159
5066 -3131
5140 -3117
5219 -3123
5292 -3119
5355 -3087
5427 -3067
5486 -3109
5554 -3125
5640 -3121
5718 -3131
5813 -3092
5893 -3068
5961 -3077
6035 -3087
6093 -3085
6163 -3078
6246 -3075
6308 -3071
6323 -3099
