2378 -3141
2381 -3146
2380 -3153
2378 -3158
2375 -3141
2372 -3132
2370 -3159
2367 -3172
2366 -3154
2370 -3145
2370 -3146
2365 -3149
2370 -3155
2378 -3151
2370 -3145
2362 -3148
2371 -3146
2379 -3144
2382 -3147
2380 -3150
2367 -3145
2367 -3139
2372 -3148
2374 -3152
2374 -3147
2370 -3151
2372 -3145
2373 -3136
2371 -3153
2377 -3161
2374 -3159
2371 -3156
2366 -3149
2361 -3153
2371 -3151
2379 -3143
2371 -3157
2362 -3171
2366 -3148
2370 -3132
2369 -3148
2368 -3155
2365 -3161
2375 -3158
2412 -3144
2464 -3144
2519 -3145
2578 -3143
2647 -3144
2720 -3134
2787 -3122
2850 -3117
2914 -3132
2976 -3141
3070 -3114
3149 -3101
3210 -3095
3288 -3082
3360 -3083
3429 -3084
3497 -3084
3563 -3075
3634 -3062
3697 -3053
3736 -3024
3793 -2993
3871 -3002
3931 -3000
3989 -2966
3989 -2966
4124 -2934
4104 -2922
4251 -2889
4282 -2875
4265 -2879
4248 -2881
4238 -2917
4237 -2927
4244 -2892
4245 -2886
4243 -2905
4241 -2910
4245 -2903
4248 -2897
4230 -2906
4222 -2913
4245 -2886
4253 -2878
4243 -2906
4242 -2904
4242 -2901
4243 -2912
4247 -2898
4246 -2890
4229 -2926
4223 -2936
4230 -2915
4233 -2912
4249 -2904
4254 -2905
