2346 -3115
2338 -3125
2339 -3123
2341 -3116
2337 -3125
2336 -3129
2340 -3125
2336 -3127
2335 -3127
2337 -3129
2335 -3128
2333 -3126
2339 -3122
2338 -3114
2347 -3107
2345 -3109
2334 -3131
2334 -3133
2348 -3112
2346 -3109
2327 -3128
2327 -3133
2336 -3126
2336 -3132
2335 -3134
2334 -3130
2345 -3115
2350 -3108
2345 -3114
2345 -3115
2346 -3111
2347 -3109
2354 -3110
2356 -3108
2340 -3123
2335 -3133
2337 -3125
2334 -3122
2346 -3110
2348 -3102
2344 -3107
2351 -3106
2351 -3111
2345 -3109
2333 -3118
2332 -3132
2367 -3132
2418 -3128
2483 -3106
2547 -3097
2603 -3094
2662 -3086
2719 -3081
2776 -3071
2837 -3058
2893 -3041
2932 -3034
2979 -3020
3041 -3013
3100 -3016
3159 -3021
3219 -3019
3302 -3008
3376 -3005
3434 -2999
3488 -3008
3525 -3026
3574 -3029
3640 -3046
3691 -3072
3734 -3070
3797 -3059
3851 -3084
3912 -3103
3992 -3075
4058 -3058
4108 -3056
4162 -3044
4225 -3035
4283 -3022
4341 -3011
4398 -3001
4448 -2956
4498 -2925
4565 -2923
4630 -2908
4673 -2934
4732 -2941
4809 -2893
4875 -2885
4949 -2912
5027 -2916
5114 -2890
5180 -2878
5215 -2901
5268 -2924
5356 -2896
5429 -2880
5480 -2899
5547 -2896
