2356 -3147
2358 -3144
2367 -3145
2371 -3147
2352 -3133
2338 -3127
2355 -3148
2358 -3156
2351 -3153
2348 -3153
2350 -3152
2355 -3153
2355 -3154
2352 -3155
2350 -3154
2353 -3153
2355 -3155
2352 -3154
2351 -3149
2355 -3145
2358 -3149
2356 -3153
2349 -3163
2342 -3172
2352 -3153
2361 -3138
2360 -3142
2358 -3151
2359 -3153
2357 -3149
2353 -3154
2353 -3156
2355 -3154
2356 -3154
2354 -3152
2356 -3148
2357 -3148
2352 -3149
2357 -3146
2362 -3147
2359 -3146
2354 -3143
2353 -3145
2349 -3148
2358 -3140
2391 -3131
2444 -3146
2500 -3156
2553 -3152
2617 -3147
2684 -3139
2749 -3145
2815 -3138
2882 -3121
2951 -3131
3024 -3131
3106 -3132
3181 -3140
3246 -3115
3314 -3105
3396 -3128
3472 -3133
3520 -3138
3583 -3137
3658 -3122
3716 -3119
3780 -3098
3844 -3078
3899 -3032
3951 -2999
3999 -3018
4049 -3006
4099 -2968
4151 -2943
4219 -2944
4274 -2945
4305 -2924
4293 -2928
4268 -2934
4269 -2925
4274 -2906
4280 -2897
4284 -2937
4274 -2947
4271 -2918
4281 -2916
4275 -2927
4268 -2932
4276 -2919
4279 -2912
4275 -2927
4270 -2935
4270 -2930
4276 -2923
4276 -2928
4275 -2927
4279 -2934
4275 -2948
4274 -2924
4280 -2909
