2373 -3132
2380 -3127
2360 -3156
2353 -3165
2352 -3167
2353 -3170
2357 -3167
2354 -3166
2354 -3157
2356 -3156
2361 -3158
2365 -3153
2364 -3152
2361 -3151
2360 -3149
2362 -3154
2358 -3156
2354 -3158
2352 -3166
2351 -3168
2360 -3157
2365 -3149
2362 -3153
2362 -3156
2362 -3154
2361 -3149
2358 -3146
2359 -3150
2359 -3162
2356 -3164
2358 -3160
2360 -3158
2357 -3154
2356 -3153
2363 -3154
2365 -3152
2371 -3149
2374 -3150
2359 -3161
2355 -3164
2361 -3157
2363 -3153
2361 -3149
2367 -3151
2389 -3154
2431 -3148
2483 -3162
2542 -3164
2618 -3144
2683 -3147
2743 -3143
2817 -3133
2884 -3119
2952 -3107
3027 -3122
3096 -3128
3155 -3133
3220 -3139
3303 -3112
3379 -3101
3445 -3118
3518 -3127
3585 -3102
3585 -3102
3722 -3105
3775 -3078
3817 -3082
3868 -3075
3943 -3044
4000 -3026
4052 -2989
4115 -2960
4175 -2941
4226 -2925
4279 -2958
4307 -2961
4293 -2950
4277 -2960
4267 -2944
4261 -2939
4265 -2957
4267 -2964
4280 -2930
4289 -2912
4279 -2936
4273 -2947
4276 -2941
4283 -2933
4299 -2913
4299 -2911
4277 -2928
4273 -2930
4276 -2939
4278 -2935
4297 -2916
4308 -2922
4292 -2931
4276 -2933
4282 -2922
4289 -2915
