2374 -3157
2372 -3159
2377 -3154
2377 -3154
2376 -3156
2380 -3152
2380 -3152
2389 -3154
2395 -3154
2376 -3139
2366 -3133
2375 -3155
2381 -3157
2377 -3139
2375 -3134
2382 -3150
2386 -3158
2380 -3145
2376 -3139
2377 -3142
2378 -3143
2383 -3148
2385 -3148
2377 -3139
2373 -3140
2381 -3157
2383 -3162
2379 -3151
2380 -3149
2376 -3153
2376 -3153
2383 -3142
2381 -3135
2373 -3146
2375 -3153
2378 -3139
2374 -3135
2384 -3141
2391 -3141
2386 -3141
2387 -3139
2377 -3146
2365 -3159
2375 -3153
2383 -3141
2384 -3150
2411 -3148
2447 -3144
2491 -3151
2552 -3151
2616 -3154
2680 -3129
2739 -3112
2809 -3135
2880 -3143
2941 -3136
3003 -3128
3056 -3126
3121 -3125
3194 -3123
3260 -3126
3328 -3113
3391 -3105
3459 -3131
3530 -3143
3602 -3117
3668 -3107
3718 -3094
3777 -3065
3837 -3062
3887 -3079
3958 -3087
4031 -3075
4086 -3069
4146 -3069
4220 -3054
4281 -3054
4337 -3087
4400 -3103
4456 -3087
4509 -3093
4576 -3105
4642 -3105
4701 -3119
4771 -3126
4840 -3124
4907 -3130
4980 -3135
5049 -3145
5119 -3147
5198 -3139
5241 -3160
5285 -3173
5355 -3140
5366 -3128
5343 -3109
5333 -3090
5328 -3106
5337 -3103
5344 -3119
