1905 -3129
1909 -3126
1904 -3142
1903 -3144
1905 -3132
1900 -3139
1908 -3139
1919 -3131
1903 -3134
1892 -3139
1899 -3140
1903 -3138
1913 -3125
1916 -3118
1912 -3128
1915 -3127
1908 -3137
1899 -3146
1909 -3128
1913 -3118
1905 -3124
1900 -3127
1902 -3135
1905 -3136
1907 -3137
1907 -3139
1906 -3134
1902 -3134
1912 -3123
1917 -3117
1903 -3140
1896 -3150
1912 -3141
1919 -3136
1911 -3140
1911 -3146
1914 -3135
1917 -3131
1916 -3139
1919 -3137
1930 -3129
1975 -3131
2037 -3156
2101 -3163
2101 -3163
2101 -3163
2101 -3163
2322 -3206
2462 -3148
2534 -3150
2598 -3159
2673 -3156
2759 -3129
2834 -3115
2903 -3143
2977 -3163
3048 -3151
3120 -3144
3190 -3157
3260 -3168
3347 -3157
3430 -3147
3507 -3138
3583 -3136
3656 -3152
3656 -3152
3801 -3169
3877 -3184
3948 -3180
4017 -3185
4100 -3187
4176 -3185
4249 -3196
4321 -3209
4375 -3228
4445 -3232
4537 -3218
4618 -3217
4679 -3233
4747 -3244
4834 -3223
4914 -3208
4981 -3211
5045 -3218
5113 -3215
5190 -3189
5263 -3162
5327 -3148
5392 -3136
5460 -3127
5523 -3137
5596 -3127
5655 -3121
5717 -3117
5825 -3068
5902 -3055
5959 -3063
6034 -3050
6096 -3070
6156 -3086
