2330 -3160
2329 -3158
2333 -3163
2335 -3161
2337 -3151
2340 -3151
2339 -3157
2336 -3158
2330 -3167
2324 -3174
2329 -3155
2340 -3140
2335 -3160
2326 -3170
2328 -3165
2329 -3167
2335 -3156
2341 -3150
2334 -3163
2329 -3169
2334 -3163
2334 -3163
2328 -3164
2329 -3157
2336 -3148
2348 -3154
2354 -3153
2329 -3145
2323 -3148
2339 -3162
2331 -3170
2331 -3160
2342 -3148
2345 -3140
2341 -3144
2329 -3165
2322 -3175
2331 -3171
2333 -3166
2329 -3161
2330 -3162
2328 -3152
2327 -3145
2356 -3134
2392 -3130
2411 -3142
2462 -3137
2531 -3140
2531 -3140
2644 -3129
2714 -3127
2783 -3130
2852 -3137
2903 -3146
2970 -3137
3037 -3131
3095 -3131
3174 -3113
3247 -3112
3316 -3108
3385 -3097
3440 -3114
3505 -3098
3567 -3044
3614 -3027
3671 -3040
3732 -3044
3790 -3035
3850 -3031
3915 -3075
3974 -3092
4045 -3056
4108 -3056
4155 -3069
4206 -3073
4260 -3070
4317 -3072
4383 -3088
4452 -3097
4503 -3115
4564 -3127
4627 -3109
4686 -3106
4749 -3167
4816 -3199
4891 -3157
4943 -3151
4959 -3133
4953 -3102
4942 -3135
4939 -3151
4943 -3141
4945 -3141
4949 -3129
4952 -3123
4942 -3148
4936 -3161
4936 -3156
4938 -3152
4940 -3142
