2350 -3136
2337 -3143
2327 -3164
2340 -3168
2350 -3153
2336 -3147
2327 -3147
2332 -3144
2335 -3147
2346 -3132
2350 -3128
2342 -3138
2341 -3140
2339 -3139
2337 -3132
2334 -3133
2332 -3140
2335 -3149
2334 -3154
2338 -3139
2349 -3134
2346 -3140
2346 -3132
2334 -3127
2332 -3133
2339 -3137
2335 -3134
2344 -3147
2350 -3155
2335 -3144
2328 -3142
2337 -3142
2340 -3146
2342 -3143
2349 -3129
2338 -3127
2331 -3131
2344 -3136
2347 -3141
2334 -3138
2332 -3133
2337 -3158
2359 -3174
2411 -3152
2467 -3137
2522 -3133
2577 -3140
2633 -3149
2633 -3149
2762 -3118
2832 -3111
2889 -3103
2951 -3096
3026 -3098
3094 -3093
3149 -3081
3149 -3081
3274 -3109
3340 -3129
3419 -3088
3490 -3083
3556 -3096
3618 -3100
3677 -3067
3744 -3036
3796 -3062
3850 -3060
3914 -3060
3975 -3078
4059 -3065
4129 -3060
4170 -3071
4225 -3078
4297 -3076
4361 -3069
4415 -3070
4474 -3076
4539 -3066
4600 -3076
4667 -3120
4740 -3119
4800 -3119
4860 -3143
4932 -3131
4999 -3137
5048 -3177
5116 -3176
5204 -3147
5276 -3140
5316 -3146
5324 -3150
5323 -3142
5314 -3137
5312 -3138
5317 -3137
5313 -3116
5310 -3105
5313 -3125
5315 -3130
5298 -3149
